3.977965e-18
8.168275e-18
8.62878e-19
1.017255e-17
3.505883e-15
1.98129e-13
1.98821e-16
1.071252e-17
5.998544e-18
2.88426e-15
1.879344e-14
4.072548e-15
6.045795e-15
5.551461e-11
1.055396e-08
2.133249e-08
0.5043946
0.5232776
0.009584584
0.03204996
0.08033077
0.8774999
0.2295923
0.6988772
0.1762238
0.03497307
1.827836
24.41659
1.492819
0.06150052
194.8748
0.05139232
0.08530785
1.719942
0.5669211
0.03931433
0.06530061
0.1129237
0.6435625
0.02771583
0.04191202
114.1276
327.5026
0.1369045
0.5792595
0.7350435
0.08037569
0.03596738
0.09322326
0.02741128
0.04593826
0.07643908
0.6127758
0.02024891
0.1550407
0.7530338
7.665661
0.08131421
0.01565115
0.03159442
0.01841102
0.5631658
0.1723989
0.522122
0.01646693
1.421434
0.3492615
0.01780115
0.2923302
0.04202007
9.846728
0.01105413
0.4626186
0.1656023
0.1379132
0.5030361
3.722773
1.01177
0.01349914
0.06829981
0.204044
0.0273363
0.01888623
0.1009877
0.3831924
0.06133866
0.05732052
0.4455615
0.5921166
0.1217546
0.3777309
0.02973899
0.1253356
0.05010169
0.04433163
0.08307483
0.05502743
0.7297126
0.3055772
0.03572232
0.3756631
0.7140459
10187.06
1.083993
0.03561445
6.358675
3.925054
23.11218
6.412513
1.635912
