2.378156
2.499477
2.411335
2.573114
2.622654
2.255251
2.637943
2.324832
2.566165
2.204117
2.441573
2.545986
2.306275
2.578753
2.410534
2.552543
2.587519
2.511398
2.337627
2.301194
2.533633
2.544284
2.469882
2.201572
2.360615
2.438911
2.329517
2.555224
2.573764
2.398733
2.643555
2.479991
2.434039
2.430328
2.293873
2.497162
2.699239
2.467439
2.216171
2.466215
2.518103
2.640255
2.279839
2.39535
2.758456
2.626417
2.478883
2.280631
2.146072
2.487977
2.295474
2.425875
2.622297
2.357338
2.393365
2.570127
2.633943
2.538246
2.268413
2.590409
2.374085
2.431895
2.403791
2.201023
2.45481
2.270892
2.354182
2.353991
2.409713
2.710177
2.388199
2.628259
2.440487
2.444296
2.373649
2.300287
2.343026
2.50289
2.319897
2.56503
2.180982
2.134597
2.418554
2.426342
2.377783
2.675201
2.291135
2.170716
2.327073
2.453135
2.385086
2.210908
2.261951
2.46289
2.178734
2.233461
2.425314
2.448299
2.763828
2.292154
2.469614
2.365554
2.163208
2.548815
2.521669
2.341055
2.380655
2.664711
2.568794
2.580089
