2.666104
3.145214
2.997116
2.397889
2.601936
2.428724
3.344072
2.797046
2.940263
2.285969
2.673805
2.720675
2.962954
3.147465
2.633784
2.221719
2.423625
2.324848
2.063563
2.5277
2.293236
2.51301
2.548339
2.718993
2.796391
2.380507
2.274173
2.818951
2.72313
3.028655
3.099775
2.66186
2.363166
2.994961
2.693903
2.743995
2.940752
2.468196
3.495831
2.987489
2.782156
2.777614
2.308547
2.82815
2.639585
2.761915
3.127716
2.57596
2.812352
2.591736
2.874242
2.934331
2.78751
2.235132
2.751935
2.882921
2.661427
2.070925
2.131963
2.562759
2.917687
3.142883
3.03391
2.666969
2.282555
2.360815
2.405968
2.672777
2.885393
3.244086
3.240211
2.308598
2.843499
2.788712
2.435202
3.244254
2.148838
3.370345
2.54162
2.685304
3.132826
2.528253
3.076975
2.424659
2.381743
2.95131
2.384611
2.811418
2.803677
2.227816
2.458898
3.186384
2.639877
3.002056
3.050629
2.800852
2.502059
2.498875
2.876372
3.115096
2.529378
2.740996
2.508275
2.785706
2.612542
2.792379
3.100185
2.425326
2.687559
2.563829
